ID,SalePrice
1461,124168.0
1462,159665.7
1463,182533.84
1464,180286.0
1465,198492.8
1466,185782.64
1467,168824.64
1468,177597.28
1469,181910.62
1470,113417.0
1471,197202.26
1472,92784.0
1473,89722.0
1474,148818.0
1475,143086.04
1476,410965.3
1477,269265.12
1478,325866.44
1479,272284.92
1480,443126.7
1481,317017.88
1482,214253.18
1483,169059.48
1484,165346.58
1485,172193.04
1486,204862.7
1487,345101.76
1488,262685.44
1489,215045.38
1490,190668.44
1491,190680.7
1492,108021.86
1493,186567.7
1494,298015.08
1495,282086.08
1496,214541.72
1497,166325.16
1498,149190.56
1499,149089.52
1500,148647.9
1501,170818.0
1502,149785.2
1503,297270.02
1504,234307.2
1505,211064.8
1506,173756.0
1507,217597.28
1508,198255.28
1509,161452.0
1510,139707.74
1511,136827.0
1512,148639.0
1513,152187.64
1514,154315.9
1515,180059.28
1516,149398.0
1517,148021.0
1518,114927.86
1519,221702.28
1520,123985.0
1521,134809.0
1522,163049.0
1523,118549.04
1524,123654.72
1525,118055.82
1526,130282.5
1527,98739.12
1528,133154.0
1529,134607.0
1530,168994.3
1531,134711.6
1532,106984.6
1533,129679.0
1534,128686.5
1535,155174.8
1536,116091.52
1537,71540.0
1538,193524.54
1539,255112.76
1540,117785.74
1541,143705.68
1542,138065.74
1543,219519.58
1544,79071.0
1545,99854.0
1546,128736.2
1547,136948.0
1548,138812.0
1549,102104.0
1550,128445.86
1551,107948.0
1552,148122.68
1553,154192.5
1554,121466.76
1555,158022.64
1556,102621.66
1557,102949.04
1558,90934.0
1559,118686.16
1560,150504.06
1561,124786.1
1562,127154.0
1563,116553.0
1564,137218.5
1565,158574.34
1566,222376.0
1567,79364.0
1568,210173.0
1569,146054.08
1570,142445.5
1571,144006.0
1572,139839.0
1573,233102.2
1574,108163.74
1575,192167.6
1576,195384.2
1577,208501.7
1578,146274.7
1579,131364.0
1580,189606.7
1581,137186.74
1582,121840.0
1583,318971.52
1584,257551.8
1585,138400.0
1586,75613.66
1587,123707.86
1588,145860.0
1589,108179.16
1590,130219.0
1591,113118.88
1592,120335.6
1593,116942.0
1594,157872.24
1595,132703.74
1596,234718.9
1597,167441.86
1598,202295.36
1599,185757.12
1600,192712.24
1601,66854.88
1602,106773.5
1603,98819.18
1604,267278.56
1605,246535.26
1606,165210.0
1607,176604.02
1608,213468.94
1609,202600.36
1610,165196.32
1611,148386.74
1612,160973.92
1613,159128.34
1614,118300.2
1615,83696.0
1616,83788.0
1617,84306.0
1618,127786.0
1619,130210.0
1620,178604.36
1621,129614.66
1622,140653.9
1623,260981.4
1624,190646.2
1625,123674.0
1626,174004.0
1627,179564.0
1628,255834.78
1629,186292.36
1630,345325.64
1631,239798.4
1632,269403.86
1633,164299.34
1634,184516.0
1635,178530.64
1636,157521.4
1637,180295.2
1638,236498.08
1639,190469.0
1640,270822.58
1641,184457.64
1642,220483.86
1643,228316.54
1644,237497.22
1645,174602.96
1646,143999.0
1647,158734.0
1648,130188.0
1649,134224.0
1650,116007.0
1651,121555.5
1652,87388.0
1653,94501.0
1654,150434.0
1655,147719.0
1656,148062.46
1657,150140.74
1658,145398.0
1659,140022.04
1660,136708.0
1661,441803.2
1662,412116.96
1663,379810.22
1664,467817.16
1665,322247.9
1666,279059.48
1667,360175.56
1668,329917.12
1669,298809.8
1670,337405.94
1671,252626.96
1672,447295.5
1673,316594.1
1674,267426.86
1675,179024.32
1676,183414.04
1677,217935.8
1678,436415.84
1679,358782.5
1680,353876.44
1681,286993.84
1682,275282.68
1683,182874.88
1684,168870.64
1685,172528.64
1686,170009.4
1687,165939.54
1688,190946.7
1689,186657.2
1690,177961.0
1691,169481.38
1692,252254.8
1693,162665.44
1694,182656.0
1695,171983.44
1696,279723.16
1697,173266.14
1698,333038.36
1699,325002.34
1700,237216.78
1701,269576.0
1702,284876.84
1703,285726.62
1704,288415.6
1705,264820.9
1706,426924.7
1707,221251.58
1708,221444.88
1709,295901.86
1710,230987.4
1711,239246.96
1712,273572.86
1713,235072.62
1714,221409.96
1715,187172.4
1716,197196.94
1717,166410.52
1718,153999.44
1719,208185.5
1720,261196.16
1721,169527.74
1722,127318.0
1723,127714.0
1724,220415.82
1725,247525.72
1726,198031.6
1727,165606.44
1728,175110.2
1729,162770.16
1730,172205.06
1731,124671.2
1732,118787.0
1733,117314.0
1734,127835.0
1735,128020.0
1736,117228.16
1737,352165.54
1738,218213.62
1739,287818.84
1740,184213.78
1741,182135.08
1742,170284.0
1743,174188.74
1744,332785.36
1745,249404.74
1746,298266.64
1747,246933.0
1748,224258.0
1749,149095.74
1750,146718.0
1751,253988.92
1752,119131.0
1753,154389.22
1754,233479.1
1755,165337.64
1756,118600.82
1757,118629.0
1758,127976.02
1759,165815.0
1760,149619.38
1761,149938.74
1762,167847.48
1763,167942.0
1764,120558.0
1765,167774.0
1766,168888.0
1767,200748.0
1768,130890.0
1769,154828.6
1770,141515.0
1771,127170.68
1772,133689.74
1773,134390.52
1774,120950.1
1775,130068.0
1776,131987.5
1777,106060.0
1778,126165.22
1779,130037.18
1780,168250.7
1781,124690.0
1782,96106.44
1783,133615.36
1784,94195.0
1785,116962.5
1786,140427.56
1787,164233.0
1788,65372.66
1789,99466.0
1790,76422.44
1791,168849.22
1792,157650.5
1793,130698.0
1794,138637.0
1795,141604.0
1796,138680.5
1797,109844.64
1798,127436.0
1799,110394.86
1800,129658.0
1801,137030.48
1802,149134.0
1803,153751.0
1804,133002.0
1805,133816.86
1806,128414.66
1807,138452.68
1808,129227.74
1809,136982.1
1810,146739.0
1811,122404.2
1812,116924.68
1813,123784.0
1814,88975.88
1815,57828.86
1816,100904.0
1817,108314.0
1818,134410.4
1819,131826.08
1820,72015.0
1821,125622.1
1822,143094.18
1823,70214.22
1824,144708.0
1825,148533.8
1826,105568.52
1827,104720.3
1828,141623.86
1829,104079.6
1830,133690.0
1831,187346.96
1832,115535.74
1833,133658.1
1834,136046.76
1835,160480.0
1836,132501.1
1837,93383.0
1838,134403.6
1839,83649.22
1840,156378.16
1841,129259.06
1842,91148.5
1843,133850.0
1844,133736.0
1845,158844.46
1846,150926.0
1847,173149.78
1848,65033.54
1849,130697.18
1850,127253.0
1851,164249.0
1852,122326.6
1853,119989.52
1854,159623.5
1855,161424.24
1856,213617.16
1857,176581.6
1858,139300.8
1859,122182.0
1860,136462.94
1861,122182.0
1862,291695.2
1863,281905.2
1864,281905.2
1865,323485.96
1866,334694.06
1867,257367.14
1868,296841.92
1869,189621.24
1870,236646.44
1871,256759.18
1872,171640.22
1873,216867.56
1874,129511.0
1875,204456.28
1876,190647.8
1877,189894.68
1878,219831.5
1879,130147.0
1880,124888.0
1881,224254.0
1882,278623.58
1883,199672.7
1884,214107.8
1885,265527.0
1886,273711.14
1887,182168.04
1888,280021.62
1889,163037.42
1890,127109.5
1891,133020.0
1892,111156.16
1893,124741.72
1894,123249.36
1895,153878.0
1896,137510.0
1897,125628.2
1898,117640.08
1899,139469.0
1900,144363.58
1901,151687.48
1902,126387.36
1903,235236.0
1904,129888.5
1905,178986.0
1906,159675.04
1907,196019.88
1908,112566.66
1909,122392.04
1910,122692.04
1911,200916.2
1912,274353.22
1913,149315.06
1914,83726.0
1915,351130.68
1916,72698.0
1917,265322.6
1918,134354.0
1919,159104.0
1920,160212.64
1921,372389.7
1922,311169.26
1923,214542.2
1924,208358.56
1925,235010.8
1926,380067.16
1927,136223.0
1928,151780.82
1929,126883.0
1930,131696.0
1931,131360.2
1932,132913.72
1933,164378.48
1934,176002.64
1935,178819.08
1936,187427.0
1937,194054.4
1938,159225.66
1939,275158.6
1940,196937.68
1941,178982.64
1942,193019.4
1943,202583.24
1944,318534.42
1945,344263.86
1946,167396.0
1947,326731.8
1948,165658.0
1949,243846.96
1950,176820.3
1951,256431.12
1952,239564.22
1953,160612.0
1954,252991.7
1955,129728.0
1956,285188.8
1957,173201.0
1958,295068.46
1959,144286.18
1960,114150.16
1961,116880.0
1962,87312.0
1963,98924.0
1964,110699.58
1965,140899.16
1966,146350.0
1967,275725.44
1968,373214.24
1969,372779.48
1970,416086.64
1971,441900.0
1972,355543.26
1973,274416.16
1974,294226.16
1975,453197.52
1976,266082.12
1977,334387.14
1978,362339.56
1979,345470.9
1980,198584.16
1981,327782.32
1982,217563.52
1983,211811.92
1984,168094.0
1985,188127.0
1986,198377.86
1987,186661.14
1988,183483.8
1989,194572.28
1990,219326.64
1991,214844.88
1992,217179.8
1993,173139.12
1994,261637.32
1995,189584.58
1996,261286.08
1997,332507.52
1998,320092.54
1999,250134.0
2000,309785.58
2001,261737.9
2002,224255.32
2003,271907.02
2004,239538.22
2005,239270.72
2006,236552.58
2007,280588.82
2008,214247.76
2009,192742.8
2010,193430.28
2011,158949.2
2012,189997.66
2013,181042.0
2014,195090.0
2015,201127.58
2016,193430.0
2017,202772.3
2018,121948.52
2019,129047.0
2020,119186.0
2021,113589.72
2022,178095.34
2023,154240.2
2024,214092.0
2025,391073.5
2026,177929.04
2027,150126.34
2028,154186.38
2029,166311.16
2030,300439.36
2031,283067.1
2032,292917.98
2033,281029.62
2034,162973.28
2035,207360.14
2036,187921.26
2037,187993.26
2038,374779.94
2039,221963.96
2040,427998.64
2041,290060.22
2042,214793.64
2043,158491.1
2044,175185.0
2045,218267.96
2046,130835.56
2047,145095.68
2048,130949.0
2049,135637.36
2050,184736.0
2051,123934.0
2052,129577.0
2053,138872.0
2054,71726.22
2055,140828.0
2056,152947.0
2057,118990.5
2058,219505.6
2059,116813.18
2060,159517.8
2061,174708.0
2062,130637.0
2063,119738.72
2064,126682.5
2065,121568.74
2066,184575.64
2067,150873.44
2068,137013.06
2069,103916.32
2070,111531.0
2071,88925.0
2072,136320.64
2073,130985.72
2074,183713.1
2075,145609.0
2076,120337.16
2077,142371.0
2078,126012.2
2079,123842.0
2080,127846.6
2081,124968.0
2082,128076.32
2083,134741.16
2084,118098.0
2085,125360.0
2086,137247.66
2087,132507.28
2088,110822.74
2089,80222.44
2090,137747.58
2091,130894.0
2092,136547.0
2093,141823.36
2094,141005.0
2095,153202.0
2096,105056.76
2097,102173.08
2098,134425.0
2099,62477.32
2100,132345.96
2101,134491.78
2102,146776.0
2103,111291.6
2104,128166.22
2105,136457.16
2106,77880.22
2107,246440.92
2108,124639.0
2109,124987.5
2110,121566.26
2111,161942.0
2112,139009.32
2113,125279.0
2114,123398.86
2115,153706.68
2116,116562.6
2117,142092.86
2118,121800.0
2119,104274.6
2120,111106.6
2121,103486.84
2122,83919.42
2123,113101.0
2124,204046.74
2125,117321.74
2126,138641.5
2127,146405.0
2128,127516.5
2129,99588.0
2130,152355.5
2131,156548.0
2132,117708.6
2133,108599.1
2134,119111.0
2135,103775.6
2136,94334.0
2137,128738.1
2138,133022.0
2139,141649.0
2140,136028.0
2141,136177.0
2142,127524.0
2143,130202.0
2144,101773.34
2145,135373.0
2146,164896.0
2147,149875.28
2148,125592.28
2149,135686.0
2150,233724.0
2151,133431.9
2152,171329.8
2153,148190.8
2154,124706.2
2155,147224.82
2156,213653.28
2157,223225.56
2158,255000.0
2159,255357.98
2160,166948.16
2161,283227.24
2162,447938.38
2163,358700.92
2164,257211.62
2165,176603.0
2166,130323.0
2167,186526.58
2168,205511.2
2169,184705.68
2170,215928.54
2171,145782.0
2172,133982.5
2173,168931.86
2174,255535.36
2175,311076.5
2176,284290.36
2177,264544.9
2178,233886.76
2179,143020.0
2180,188144.0
2181,191612.54
2182,220226.84
2183,193666.96
2184,132231.5
2185,137143.0
2186,128310.0
2187,139404.0
2188,153536.12
2189,216135.28
2190,96415.0
2191,100269.0
2192,104222.42
2193,108774.0
2194,123846.0
2195,106777.24
2196,115608.0
2197,106532.12
2198,156779.72
2199,169707.0
2200,123112.16
2201,126547.86
2202,194883.5
2203,142052.0
2204,167889.28
2205,113416.0
2206,116662.0
2207,222122.04
2208,255462.76
2209,169720.48
2210,112784.66
2211,112423.6
2212,119893.0
2213,117011.0
2214,153618.8
2215,106651.6
2216,135439.06
2217,87057.1
2218,116655.52
2219,74290.0
2220,75330.22
2221,351442.64
2222,213447.18
2223,270793.7
2224,206611.9
2225,140407.6
2226,178890.8
2227,202842.24
2228,257991.9
2229,241372.28
2230,164297.16
2231,199370.56
2232,191958.0
2233,169532.0
2234,251291.02
2235,199028.0
2236,295227.52
2237,320897.02
2238,199171.22
2239,123622.5
2240,159137.3
2241,135474.0
2242,123980.0
2243,138230.8
2244,90593.0
2245,87454.0
2246,143884.0
2247,106972.0
2248,126632.0
2249,129188.0
2250,125356.0
2251,127304.8
2252,181829.8
2253,161800.62
2254,186022.0
2255,185494.0
2256,181372.08
2257,200274.08
2258,178344.3
2259,186220.0
2260,146667.64
2261,194873.68
2262,197754.12
2263,321405.62
2264,454095.62
2265,151018.16
2266,302872.26
2267,390580.22
2268,387490.18
2269,160201.24
2270,174414.84
2271,205143.28
2272,199861.2
2273,161794.0
2274,169102.24
2275,156360.0
2276,161483.56
2277,174738.0
2278,156531.96
2279,127817.0
2280,122398.16
2281,174140.98
2282,167971.64
2283,102940.0
2284,107118.08
2285,144951.64
2286,128512.2
2287,345250.26
2288,272177.46
2289,360423.82
2290,408613.26
2291,291633.22
2292,430184.02
2293,431248.64
2294,417698.26
2295,444644.98
2296,331558.76
2297,280876.72
2298,349511.0
2299,386525.56
2300,286528.24
2301,245982.24
2302,225556.9
2303,272138.34
2304,236853.34
2305,181433.22
2306,181457.2
2307,181899.18
2308,233901.66
2309,295142.18
2310,212239.96
2311,180770.56
2312,176520.94
2313,174762.3
2314,177651.72
2315,174812.06
2316,192977.28
2317,173459.18
2318,173912.42
2319,180616.94
2320,186000.3
2321,248993.9
2322,173633.62
2323,172694.04
2324,163438.24
2325,221209.6
2326,165432.54
2327,212728.74
2328,222186.84
2329,180388.8
2330,183990.8
2331,345895.94
2332,406769.36
2333,311548.68
2334,260120.84
2335,266883.58
2336,295107.88
2337,201448.44
2338,258278.98
2339,259389.46
2340,374779.1
2341,234005.9
2342,254672.3
2343,222351.28
2344,234584.9
2345,240405.64
2346,238249.18
2347,196637.02
2348,232555.44
2349,168982.1
2350,247924.92
2351,275031.88
2352,267180.74
2353,214462.08
2354,134276.0
2355,167934.1
2356,125893.0
2357,220605.74
2358,197897.54
2359,142894.02
2360,122444.0
2361,130842.0
2362,284914.62
2363,129951.06
2364,151296.0
2365,208160.04
2366,199524.94
2367,243589.3
2368,194399.94
2369,236730.58
2370,166890.96
2371,168090.0
2372,187194.74
2373,267925.4
2374,293464.36
2375,259742.74
2376,249209.38
2377,349064.9
2378,154416.0
2379,184394.0
2380,140874.0
2381,154586.0
2382,213501.44
2383,223729.0
2384,253063.5
2385,145057.0
2386,139093.64
2387,131751.0
2388,108122.58
2389,125719.5
2390,141606.0
2391,122693.66
2392,120973.0
2393,156909.0
2394,134349.5
2395,202637.0
2396,155514.0
2397,203552.4
2398,118824.6
2399,60166.88
2400,59292.66
2401,123076.0
2402,130623.5
2403,126532.44
2404,151466.0
2405,155234.0
2406,133017.0
2407,124892.08
2408,133708.0
2409,127796.0
2410,159634.48
2411,117772.0
2412,149327.0
2413,127392.5
2414,141603.0
2415,125024.2
2416,124135.72
2417,126318.0
2418,132506.0
2419,124684.74
2420,119717.86
2421,143626.06
2422,109770.2
2423,133569.74
2424,166603.8
2425,177743.6
2426,109612.0
2427,139829.42
2428,176937.14
2429,117647.0
2430,134315.0
2431,101875.0
2432,130689.0
2433,131529.0
2434,137005.0
2435,142130.0
2436,121478.16
2437,113538.98
2438,122267.32
2439,105156.8
2440,114408.08
2441,105403.0
2442,108720.2
2443,118366.62
2444,122173.0
2445,105662.0
2446,123436.0
2447,208229.4
2448,157874.0
2449,104474.16
2450,144115.58
2451,129927.66
2452,252145.74
2453,116537.16
2454,144701.5
2455,113821.0
2456,128446.68
2457,121935.0
2458,115289.28
2459,104568.0
2460,136253.74
2461,124998.08
2462,144500.68
2463,112422.5
2464,178145.0
2465,114086.62
2466,112774.0
2467,145002.08
2468,101242.0
2469,100255.42
2470,198759.04
2471,220279.56
2472,166260.38
2473,109410.16
2474,106090.68
2475,245844.0
2476,119611.24
2477,128634.0
2478,156743.0
2479,106428.0
2480,140536.0
2481,118481.0
2482,128372.0
2483,119584.0
2484,119163.0
2485,124130.0
2486,146780.3
2487,180378.04
2488,151792.2
2489,152069.0
2490,146695.5
2491,112414.02
2492,188429.0
2493,147488.0
2494,159270.64
2495,121669.24
2496,233999.4
2497,147059.0
2498,116829.0
2499,116827.82
2500,128100.16
2501,125276.92
2502,150489.8
2503,109394.5
2504,205201.6
2505,229891.72
2506,289764.2
2507,326089.36
2508,289894.36
2509,227747.58
2510,250820.46
2511,191162.58
2512,216587.36
2513,211116.74
2514,296668.64
2515,131955.0
2516,157537.1
2517,130121.0
2518,124701.0
2519,219506.52
2520,207330.74
2521,197724.58
2522,215757.26
2523,126355.0
2524,127804.0
2525,135679.0
2526,123826.0
2527,122479.2
2528,124232.0
2529,124914.0
2530,124270.0
2531,236233.0
2532,230041.5
2533,200552.08
2534,259590.72
2535,325368.02
2536,244327.8
2537,245592.26
2538,182185.64
2539,188578.16
2540,173049.36
2541,180028.06
2542,161833.22
2543,126842.2
2544,120584.0
2545,128150.08
2546,147609.0
2547,131760.0
2548,154965.98
2549,150560.7
2550,360480.38
2551,133358.0
2552,130307.4
2553,88943.18
2554,119376.0
2555,111932.0
2556,101426.14
2557,112279.42
2558,144479.42
2559,116968.58
2560,128351.58
2561,133657.04
2562,143634.5
2563,150912.58
2564,165246.0
2565,139390.0
2566,142239.8
2567,116896.0
2568,186272.0
2569,179965.0
2570,111726.66
2571,174955.6
2572,180939.68
2573,238271.08
2574,340371.1
2575,121435.0
2576,138587.54
2577,146079.48
2578,97421.0
2579,70254.88
2580,136818.8
2581,123241.92
2582,113398.3
2583,264974.34
2584,163182.6
2585,161881.34
2586,192026.18
2587,200308.92
2588,148329.0
2589,136291.5
2590,217938.92
2591,232177.0
2592,230724.26
2593,259116.3
2594,183557.9
2595,226142.02
2596,310618.58
2597,186496.4
2598,273306.56
2599,346019.02
2600,166902.8
2601,135262.24
2602,82368.0
2603,84316.0
2604,83494.0
2605,87324.66
2606,134938.0
2607,169255.64
2608,197636.8
2609,162854.5
2610,125442.0
2611,153724.64
2612,143151.64
2613,128337.0
2614,126518.2
2615,139025.5
2616,140593.0
2617,153130.0
2618,178659.0
2619,221196.62
2620,189386.0
2621,186678.44
2622,196214.6
2623,275791.2
2624,269610.6
2625,334532.98
2626,159441.6
2627,193929.68
2628,413841.3
2629,585800.24
2630,361743.48
2631,457126.16
2632,405172.34
2633,335891.36
2634,403859.82
2635,141710.04
2636,195924.12
2637,155970.0
2638,266355.68
2639,177448.8
2640,145243.0
2641,100492.0
2642,186650.8
2643,107139.08
2644,122428.0
2645,97297.0
2646,88604.0
2647,101018.0
2648,128574.0
2649,148492.0
2650,148688.6
2651,150311.8
2652,433873.96
2653,267999.28
2654,245275.44
2655,347629.42
2656,342839.78
2657,349602.98
2658,293750.26
2659,293294.5
2660,323402.54
2661,340102.46
2662,342357.58
2663,253469.9
2664,291755.48
2665,307776.68
2666,310466.68
2667,169181.92
2668,176689.96
2669,171979.1
2670,290714.9
2671,178849.36
2672,186143.12
2673,202970.56
2674,204078.18
2675,158375.28
2676,186694.78
2677,187355.0
2678,271432.4
2679,254168.24
2680,259351.8
2681,401918.06
2682,323185.78
2683,543486.7
2684,309430.14
2685,348588.42
2686,266711.52
2687,277886.24
2688,257372.2
2689,225679.02
2690,473407.1
2691,192621.6
2692,132625.8
2693,192714.56
2694,132866.64
2695,200666.58
2696,193508.28
2697,202450.8
2698,199655.6
2699,169185.4
2700,159876.46
2701,151723.18
2702,111368.0
2703,144745.32
2704,138559.74
2705,124443.0
2706,126007.2
2707,120064.0
2708,132124.0
2709,119108.0
2710,123645.2
2711,277858.0
2712,356425.82
2713,155965.7
2714,147845.56
2715,169759.8
2716,151745.28
2717,191127.58
2718,251422.28
2719,152063.16
2720,160934.0
2721,125884.0
2722,152856.42
2723,141544.5
2724,129004.0
2725,126816.5
2726,131220.0
2727,172437.0
2728,169215.0
2729,153038.8
2730,143397.0
2731,110142.0
2732,122632.22
2733,151998.0
2734,158268.0
2735,122494.5
2736,153019.74
2737,119992.16
2738,131520.42
2739,157070.0
2740,137361.0
2741,134270.0
2742,149496.5
2743,139965.78
2744,145517.66
2745,134969.5
2746,130679.96
2747,157992.0
2748,126295.0
2749,130083.5
2750,124580.44
2751,127238.5
2752,268856.0
2753,137974.22
2754,188115.72
2755,128700.0
2756,85727.44
2757,71306.88
2758,76122.22
2759,156217.5
2760,136388.96
2761,143196.0
2762,147946.0
2763,190934.0
2764,170328.4
2765,282660.5
2766,139741.48
2767,90810.22
2768,130720.42
2769,114172.0
2770,146077.0
2771,118546.0
2772,126380.0
2773,144432.54
2774,131954.0
2775,140881.8
2776,131890.8
2777,144764.5
2778,129934.08
2779,119043.16
2780,107263.6
2781,98097.0
2782,105889.0
2783,102148.52
2784,122356.0
2785,136211.48
2786,61113.54
2787,124803.0
2788,73976.0
2789,217743.38
2790,104429.66
2791,119011.08
2792,82156.22
2793,180222.0
2794,102210.0
2795,120408.16
2796,95778.0
2797,201295.72
2798,122863.54
2799,127275.06
2800,86698.22
2801,107869.0
2802,138570.28
2803,166466.5
2804,157722.0
2805,113058.0
2806,89143.0
2807,164828.24
2808,134980.0
2809,135295.0
2810,128314.0
2811,159050.74
2812,136495.0
2813,159149.32
2814,148410.32
2815,104759.16
2816,261898.88
2817,140380.0
2818,129442.0
2819,154422.0
2820,130930.5
2821,118541.0
2822,210788.8
2823,244163.8
2824,164881.28
2825,172433.0
2826,135017.5
2827,146222.64
2828,225682.88
2829,171914.2
2830,227540.82
2831,188883.14
2832,214904.2
2833,256550.0
2834,213592.04
2835,226985.66
2836,183008.38
2837,164157.0
2838,127834.5
2839,185125.7
2840,184051.38
2841,200683.5
2842,204985.56
2843,153603.0
2844,160129.0
2845,125025.0
2846,208946.54
2847,194060.4
2848,226686.92
2849,213827.94
2850,262695.6
2851,262960.6
2852,218483.8
2853,234662.6
2854,139740.24
2855,185349.38
2856,212153.68
2857,182434.38
2858,189520.44
2859,132077.56
2860,127571.0
2861,127912.36
2862,186825.2
2863,135470.24
2864,263790.6
2865,132462.0
2866,136748.0
2867,79909.0
2868,108217.74
2869,123451.48
2870,154651.92
2871,123907.52
2872,53485.98
2873,119569.54
2874,127716.1
2875,125063.5
2876,159390.9
2877,138441.24
2878,163481.0
2879,142720.64
2880,113546.0
2881,164525.68
2882,156239.74
2883,154645.0
2884,170549.1
2885,191568.2
2886,193824.04
2887,109718.92
2888,116913.5
2889,72889.0
2890,78565.0
2891,144700.68
2892,78205.1
2893,125032.5
2894,64595.22
2895,263337.12
2896,268427.56
2897,196203.4
2898,146903.26
2899,249683.96
2900,159806.0
2901,187286.0
2902,175905.8
2903,339830.56
2904,326653.84
2905,145703.0
2906,194798.7
2907,122495.66
2908,130245.0
2909,142087.3
2910,80068.0
2911,82498.0
2912,150050.74
2913,85898.0
2914,82884.0
2915,84366.0
2916,81940.0
2917,150345.0
2918,123903.46
2919,230624.94
